3892794
4328804
4469887
4699900
4791166
4922473
4990088
3892785
4922467
5311939
5908978
5475849
5312026
5338881
5284696
5825666
5312098
5908988
5312080
5985221
5284659
4663147
4789032
5825668
5311984
4952235
6010742
5825671
5267322
5908996
5056743
6063343
5056750
5056745
5341288
5267329
4789036
6010743
5056747
4952237
4789038
6023755
6022848
6022846
6022681
6010936
6010746
6006000
5870088
5791439
5611332
5506136
5488286
5433878
6190665
6023760
6010933
6009591
6009587
6009532
6009475
6006027
6006014
5985225
5892873
5870089
5870064
5858596
5858591
5858590
5858589
5825670
5693788
5488290
5488289
5488276
5488266
5256885
5232295
4952242
4780187
6289935
6289884
6289803
6190666
6190660
6190658
6190651
6190645
6190642
6190574
6190572
6190563
6137256
6137251
6137250
6136819
6136818
6136816
6136813
6082140
6082134
6082131
6079640
6079628
6079624
6079620
6079589
6079584
6023751
6022841
6022838
6022836
6022832
6022829
6009578
6009573
6009570
6009565
6009525
6009522
6009518
6009517
6009513
6009510
6009505
6009503
6009502
6009501
6009490
6009489
6009486
6009483
6009481
5892580
5892576
5870090
5870085
5870083
5870081
5870080
5870075
5870072
5870068
5858604
5858602
5858599
5858594
5825676
5791440
5766782
5766778
5693787
5693784
5611338
5611336
5506133
5488269
5488261
5488255
5433880
5267311
5232291
5232288
5120384
4952239
4789040
4789034
4720283
5733085
5785396
5737750
5748893
5749770
5732869
5732069
5732560
5776137
5785397
5738183
5744103
5737935
5776189
5749765
5737813
5850230
5785362
5738207
5732356
5859709
5798440
5748989
5732789
5732678
6027345
5749784
5737934
5737804
5732140
5798381
5776196
5738485
5900254
5798433
5744032
5738097
5737698
5733076
5732633
5912196
5802000
5785324
5749384
5738380
5737689
5732956
5732950
6181058
6137724
6079094
6045102
6027347
5879401
5829822
5738471
5737662
5733207
5732886
5732677
5732531
5732299
6180961
6142564
6105838
5965342
5879262
5879239
5831127
5798388
5798240
5785323
5749868
5748984
5738556
5737890
5733199
5733140
5733029
5732827
5732790
5732777
5732612
5732472
6137659
6070017
6069948
5965321
5907542
5906606
5886290
5859703
5829820
5813653
5798450
5798384
5785961
5776173
5749835
5749834
5749025
5748988
5748881
5738563
5737712
5733208
5732960
5732922
5732767
5732249
5731867
6167511
6142571
6142554
6142208
6142190
6137645
6106034
6106030
6105863
6079152
6079149
5965345
5965320
5965311
5925372
5895633
5879279
5879244
5831104
5813655
5813654
5813238
5809527
5798447
5798412
5798395
5798365
5798279
5797883
5785364
5781076
5781062
5780070
5776114
5776092
5775974
5749772
5748884
5738526
5738507
5738364
5738204
5738123
5738119
5737719
5733141
5733089
5733083
5733056
5733028
5732990
5732923
5732722
5732516
5732366
5732259
5732106
5731584
6232351
6232344
6192450
6192431
6191702
6180973
6180912
6180746
6167522
6167352
6158181
6142212
6142195
6137744
6137733
6106369
6106354
6106120
6106103
6105925
6105921
6105852
6105834
6105795
6079067
6069960
6069944
6069941
6051215
6022223
6022221
5976908
5971279
5965323
5925375
5912190
5906712
5906306
5901055
5891868
5886348
5886292
5879348
5879340
5879335
5879254
5879252
5876092
5869716
5850229
5834186
5831140
5831139
5829696
5813250
5802004
5798555
5798468
5798404
5798393
5798253
5785924
5785381
5780103
5780076
5776166
5776139
5776132
5776107
5776070
5749858
5748895
5738498
5738342
5738322
5738188
5738151
5738133
5738122
5737975
5737802
5737720
5737702
5733176
5733162
5733126
5733054
5733002
5732975
5732958
5732820
5732793
5732775
5732740
5732729
5732711
5732701
5732683
5732635
5732559
5732549
5732535
5732492
5732490
5732474
5732369
5732359
5732335
5732323
5732316
5732247
5732064
5732049
5732012
5731786
5731564
6321827
6232446
6232393
6192458
6192449
6191704
6181288
6181080
6181060
6180989
6180920
6180864
6180843
6180816
6180786
6180776
6180761
6180740
6180726
6167528
6167514
6167479
6167357
6142572
6142551
6142176
6137741
6137736
6137698
6137642
6106486
6106387
6106146
6106118
6106095
6106085
6106080
6106079
6106048
6106039
6106008
6105997
6105993
6105992
6105933
6105910
6105881
6105874
6105850
6105836
6105830
6105818
6105811
6105797
6105781
6079188
6079086
6079083
6079079
6079057
6070038
6069954
6045095
6028298
5971274
5965340
5965337
5945793
5938349
5938340
5925387
5912200
5912195
5907385
5906669
5906494
5906073
5905940
5900483
5900257
5900256
5891852
5891839
5891814
5886277
5886275
5879389
5879373
5879371
5879318
5879315
5879301
5879273
5879251
5859701
5850132
5850131
5850100
5837859
5837856
5834642
5834169
5834150
5831153
5831150
5831136
5831135
5831131
5831129
5831122
5831073
5830881
5829761
5827977
5824171
5817185
5816665
5813656
5813357
5813264
5802001
5798458
5798402
5798335
5798333
5798294
5798255
5798254
5797869
5785319
5781068
5780085
5776171
5776168
5776138
5776090
5776071
5776068
5776066
5775741
5774955
5749777
5749771
5749740
5748990
5748935
5744125
5744069
5744024
5738605
5738581
5738555
5738408
5738390
5738336
5738303
5738130
5738126
5738098
5738033
5737973
5737958
5737944
5737840
5737838
5737748
5737668
5733200
5733183
5733181
5733172
5733160
5733119
5733118
5733097
5733093
5733088
5733067
5733062
5733001
5732985
5732973
5732932
5732926
5732894
5732794
5732769
5732766
5732755
5732718
5732663
5732628
5732592
5732476
5732320
5732264
5732245
5732221
5731952
5731865
